(0,100001)
(1,40122)
(2,58706)
(3,1290)
(4,40030)
(5,59970)
(6,45552)
(7,57941)
(8,54961)
(9,54287)
(10,53186)
(11,56347)
(12,64634)
(13,48312)
(14,56493)
(15,50032)
(16,40387)
(17,61324)
(18,48941)
(19,56828)
(20,43286)
(21,57953)
(22,51235)
(23,49713)
(24,63149)
(25,36851)
(26,51360)
(27,54941)
(28,55284)
(29,52242)
(30,41427)
(31,62689)
(32,45467)
(33,56037)
(34,54933)
(35,43219)
(36,7574)
(37,46039)
(38,57404)
(39,41754)
(40,59413)
(41,40986)
(42,61149)
(43,41837)
(44,58163)
(45,45343)
(46,58573)
(47,54839)
(48,54856)
(49,58928)
(50,54451)
(51,53455)
(52,57173)
(53,53803)
(54,54694)
(55,56091)
(56,50689)
(57,49221)
(58,57474)
(59,58296)
